846  5350  ^  304
859  44  ^  304
945  5632  ^  319
946  5987  ^  355
959  -100  ^  340
960  238  ^  338
1045  6169  ^  332
1046  6568  ^  399
1047  6897  ^  329
1059  -238  ^  358
1060  151  ^  389
1061  452  ^  301
1145  6661  ^  332
1146  7090  ^  429
1147  7484  ^  394
1159  -362  ^  358
1160  71  ^  433
1161  432  ^  361
1245  7110  ^  316
1246  7560  ^  450
1247  8008  ^  448
1259  -466  ^  341
1260  0  ^  466
1261  417  ^  417
1346  7983  ^  456
1347  8474  ^  491
1348  8820  ^  346
1359  -542  ^  307
1360  -61  ^  481
1361  406  ^  467
1362  725  ^  319
1446  8365  ^  452
1447  8888  ^  523
1448  9304  ^  416
1460  -109  ^  484
1461  401  ^  510
1462  783  ^  382
1546  8709  ^  431
1547  9254  ^  545
1548  9732  ^  478
1560  -142  ^  468
1561  401  ^  543
1562  839  ^  438
1638  8521  ^  301
1646  9025  ^  403
1647  9576  ^  551
1648  10106  ^  530
1660  -154  ^  437
1661  407  ^  561
1662  900  ^  493
1671  1612  ^  306
1738  8847  ^  316
1746  9318  ^  366
1747  9862  ^  544
1748  10432  ^  570
1749  10807  ^  375
1760  -148  ^  388
1761  421  ^  569
1762  961  ^  540
1763  1314  ^  353
1771  1726  ^  316
1838  9144  ^  322
1846  9591  ^  319
1847  10118  ^  527
1848  10715  ^  597
1849  11165  ^  450
1860  -116  ^  321
1861  444  ^  560
1862  1023  ^  579
1863  1435  ^  412
1871  1844  ^  319
1872  2146  ^  302
1938  9419  ^  323
1939  9729  ^  310
1947  10351  ^  498
1948  10960  ^  609
1949  11473  ^  513
1961  478  ^  536
1962  1083  ^  605
1963  1555  ^  472
1971  1972  ^  317
1972  2291  ^  319
2038  9673  ^  319
2039  9998  ^  325
2047  10565  ^  461
2048  11173  ^  608
2049  11738  ^  565
2061  528  ^  501
2062  1147  ^  619
2063  1668  ^  521
2071  2106  ^  308
2072  2437  ^  331
2138  9910  ^  309
2139  10248  ^  338
2147  10765  ^  414
2148  11360  ^  595
2149  11963  ^  603
2150  12334  ^  371
2161  590  ^  443
2162  1210  ^  620
2163  1778  ^  568
2164  2134  ^  356
2172  2587  ^  340
2239  10476  ^  341
2247  10955  ^  361
2248  11528  ^  573
2249  12154  ^  626
2250  12604  ^  450
2261  673  ^  373
2262  1281  ^  608
2263  1883  ^  602
2264  2300  ^  417
2272  2739  ^  341
2273  3051  ^  312
2339  10685  ^  339
2340  11004  ^  319
2347  11142  ^  306
2348  11678  ^  536
2349  12314  ^  636
2350  12830  ^  516
2362  1358  ^  581
2363  1984  ^  626
2364  2457  ^  473
2372  2893  ^  335
2373  3223  ^  330
2439  10883  ^  335
2440  11213  ^  330
2448  11818  ^  495
2449  12451  ^  633
2450  13019  ^  568
2462  1443  ^  538
2463  2081  ^  638
2464  2604  ^  523
2472  3051  ^  324
2473  3390  ^  339
2539  11064  ^  323
2540  11406  ^  342
2548  11951  ^  445
2549  12570  ^  619
2550  13174  ^  604
2551  13520  ^  346
2562  1540  ^  483
2563  2179  ^  639
2564  2744  ^  565
2565  3086  ^  342
2572  3212  ^  307
2573  3559  ^  347
2639  11235  ^  304
2640  11582  ^  347
2648  12080  ^  390
2649  12672  ^  592
2650  13303  ^  631
2651  13728  ^  425
2662  1651  ^  413
2663  2276  ^  625
2664  2874  ^  598
2665  3274  ^  400
2673  3727  ^  348
2674  4037  ^  310
2740  11745  ^  344
2741  12056  ^  311
2748  12208  ^  330
2749  12765  ^  557
2750  13405  ^  640
2751  13900  ^  495
2762  1776  ^  325
2763  2374  ^  598
2764  2998  ^  624
2765  3454  ^  456
2773  3893  ^  340
2774  4220  ^  327
2840  11895  ^  338
2841  12222  ^  327
2849  12850  ^  512
2850  13489  ^  639
2851  14038  ^  549
2863  2478  ^  556
2864  3114  ^  636
2865  3620  ^  506
2873  4060  ^  329
2874  4397  ^  337
2940  12036  ^  326
2941  12373  ^  337
2949  12934  ^  462
2950  13557  ^  623
2951  14145  ^  588
2952  14451  ^  306
2963  2592  ^  506
2964  3226  ^  634
2965  3773  ^  547
2966  4089  ^  316
2973  4229  ^  313
2974  4572  ^  343
3040  12169  ^  308
3041  12512  ^  343
3049  13018  ^  408
3050  13615  ^  597
3051  14227  ^  612
3052  14619  ^  392
3063  2711  ^  435
3064  3336  ^  625
3065  3916  ^  580
3066  4290  ^  374
3074  4744  ^  343
3141  12638  ^  341
3149  13101  ^  347
3150  13664  ^  563
3151  14290  ^  626
3152  14751  ^  461
3163  2844  ^  355
3164  3446  ^  602
3165  4049  ^  603
3166  4475  ^  426
3174  4913  ^  339
3175  5224  ^  311
3241  12752  ^  333
3242  13069  ^  317
3250  13711  ^  521
3251  14336  ^  625
3252  14852  ^  516
3264  3556  ^  565
3265  4173  ^  617
3266  4648  ^  475
3274  5079  ^  327
3275  5403  ^  324
3341  12861  ^  322
3342  13187  ^  326
3350  13754  ^  470
3351  14368  ^  614
3352  14926  ^  558
3364  3669  ^  513
3365  4291  ^  622
3366  4806  ^  515
3374  5245  ^  314
3375  5575  ^  330
3441  12963  ^  307
3442  13294  ^  331
3450  13801  ^  416
3451  14391  ^  590
3452  14977  ^  586
3453  15325  ^  348
3464  3789  ^  450
3465  4401  ^  612
3466  4952  ^  551
3467  5293  ^  341
3475  5741  ^  332
3542  13390  ^  330
3550  13852  ^  360
3551  14410  ^  558
3552  15010  ^  600
3553  15430  ^  420
3564  3919  ^  377
3565  4510  ^  591
3566  5085  ^  575
3567  5477  ^  392
3575  5904  ^  329
3642  13478  ^  326
3651  14422  ^  518
3652  15027  ^  605
3653  15505  ^  478
3665  4617  ^  559
3666  5209  ^  592
3667  5648  ^  439
3675  6062  ^  319
3676  6371  ^  309
3742  13558  ^  314
3743  13867  ^  309
3751  14438  ^  473
3752  15032  ^  594
3753  15552  ^  520
3765  4725  ^  513
3766  5322  ^  597
3767  5801  ^  479
3775  6217  ^  305
3776  6531  ^  314
3843  13946  ^  313
3851  14453  ^  420
3852  15027  ^  574
3853  15581  ^  554
3865  4837  ^  456
3866  5428  ^  591
3867  5941  ^  513
3868  6246  ^  305
3876  6688  ^  319
3943  14019  ^  316
3951  14474  ^  365
3952  15019  ^  545
3953  15589  ^  570
3954  15964  ^  375
3965  4954  ^  388
3966  5528  ^  574
3967  6068  ^  540
3968  6423  ^  355
3976  6839  ^  317
4043  14081  ^  311
4051  14498  ^  308
4052  15007  ^  509
4053  15584  ^  577
4054  16018  ^  434
4065  5080  ^  311
4066  5626  ^  546
4067  6184  ^  558
4068  6584  ^  400
4076  6981  ^  307
4143  14137  ^  302
4152  14996  ^  467
4153  15567  ^  571
4154  16048  ^  481
4166  5722  ^  507
4167  6288  ^  566
4168  6728  ^  440
4252  14985  ^  418
4253  15540  ^  555
4254  16053  ^  513
4266  5820  ^  458
4267  6383  ^  563
4268  6861  ^  478
4277  7560  ^  301
4352  14981  ^  368
4353  15508  ^  527
4354  16043  ^  535
4355  16372  ^  329
4366  5919  ^  394
4367  6471  ^  552
4368  6975  ^  504
4369  7291  ^  316
4452  14977  ^  311
4453  15475  ^  498
4454  16018  ^  543
4455  16407  ^  389
4466  6026  ^  324
4467  6555  ^  529
4468  7078  ^  523
4469  7439  ^  361
4553  15440  ^  458
4554  15980  ^  540
4555  16418  ^  438
4567  6634  ^  494
4568  7167  ^  533
4569  7571  ^  404
4653  15405  ^  412
4654  15936  ^  531
4655  16408  ^  472
4667  6713  ^  449
4668  7248  ^  535
4669  7684  ^  436
4753  15374  ^  364
4754  15883  ^  509
4755  16381  ^  498
4767  6794  ^  397
4768  7320  ^  526
4769  7784  ^  464
4853  15348  ^  315
4854  15829  ^  481
4855  16339  ^  510
4856  16683  ^  344
4867  6877  ^  333
4868  7384  ^  507
4869  7870  ^  486
4870  8194  ^  324
4954  15773  ^  445
4955  16283  ^  510
4956  16678  ^  395
4968  7445  ^  478
4969  7943  ^  498
4970  8307  ^  364
5054  15716  ^  405
5055  16219  ^  503
5056  16652  ^  433
5068  7504  ^  442
5069  8004  ^  500
5070  8403  ^  399
5154  15662  ^  362
5155  16148  ^  486
5156  16607  ^  459
5168  7561  ^  394
5169  8057  ^  496
5170  8484  ^  427
5254  15612  ^  315
5255  16074  ^  462
5256  16547  ^  473
5257  16849  ^  302
5268  7618  ^  336
5269  8104  ^  486
5270  8551  ^  447
5355  15996  ^  431
5356  16476  ^  480
5357  16829  ^  353
5369  8143  ^  461
5370  8605  ^  462
5371  8930  ^  325
5455  15918  ^  395
5456  16393  ^  475
5457  16785  ^  392
5469  8177  ^  428
5470  8647  ^  470
5471  9006  ^  359
5555  15841  ^  355
5556  16303  ^  462
5557  16725  ^  422
5569  8209  ^  386
5570  8678  ^  469
5571  9067  ^  389
5655  15767  ^  312
5656  16209  ^  442
5657  16649  ^  440
5669  8242  ^  338
5670  8701  ^  459
5671  9112  ^  411
5756  16111  ^  414
5757  16559  ^  448
5758  16871  ^  312
5770  8716  ^  440
5771  9144  ^  428
5856  16011  ^  382
5857  16458  ^  447
5858  16812  ^  354
5870  8727  ^  414
5871  9164  ^  437
5872  9489  ^  325
5956  15914  ^  347
5957  16352  ^  438
5958  16734  ^  382
5970  8733  ^  378
5971  9174  ^  441
5972  9526  ^  352
6056  15816  ^  308
6057  16237  ^  421
6058  16641  ^  404
6070  8740  ^  335
6071  9172  ^  432
6072  9549  ^  377
6157  16119  ^  399
6158  16534  ^  415
6171  9163  ^  419
6172  9557  ^  394
6257  15998  ^  371
6258  16416  ^  418
6259  16732  ^  316
6271  9149  ^  397
6272  9554  ^  405
6357  15877  ^  337
6358  16289  ^  412
6359  16638  ^  349
6371  9129  ^  366
6372  9540  ^  411
6373  9858  ^  318
6457  15756  ^  302
6458  16156  ^  400
6459  16527  ^  371
6471  9107  ^  329
6472  9513  ^  406
6473  9856  ^  343
6558  16018  ^  382
6559  16403  ^  385
6572  9479  ^  396
6573  9842  ^  363
6658  15877  ^  358
6659  16266  ^  389
6672  9439  ^  378
6673  9814  ^  375
6758  15733  ^  328
6759  16121  ^  388
6760  16434  ^  313
6772  9392  ^  353
6773  9774  ^  382
6859  15967  ^  378
6860  16304  ^  337
6872  9343  ^  322
6873  9724  ^  381
6874  10036  ^  312
6959  15809  ^  363
6960  16162  ^  353
6973  9665  ^  375
6974  9997  ^  332
7059  15646  ^  341
7060  16009  ^  363
7073  9599  ^  362
7074  9944  ^  345
7159  15481  ^  316
7160  15844  ^  363
7173  9526  ^  340
7174  9879  ^  353
7260  15671  ^  357
7261  15979  ^  308
7273  9449  ^  314
7274  9804  ^  355
7360  15492  ^  344
7361  15818  ^  326
7374  9720  ^  352
7375  10022  ^  302
7460  15309  ^  327
7461  15644  ^  335
7474  9627  ^  342
7475  9944  ^  317
7560  15123  ^  305
7561  15461  ^  338
7574  9527  ^  325
7575  9855  ^  328
7661  15270  ^  336
7674  9423  ^  302
7675  9755  ^  332
7761  15070  ^  325
7775  9645  ^  330
7861  14868  ^  312
7862  15177  ^  309
7875  9527  ^  324
7962  14976  ^  316
7975  9402  ^  310
7976  9704  ^  302
8062  14765  ^  314
8076  9580  ^  308
8162  14547  ^  309
8176  9445  ^  308
8276  9303  ^  306
24574  3942  ^  307
24589  -1611  ^  317
24590  -1298  ^  313
24686  4534  ^  304
24687  4849  ^  315
24701  -1210  ^  304
24702  -891  ^  319
24798  5122  ^  308
24799  5487  ^  365
24800  5816  ^  329
24814  -1272  ^  360
24815  -925  ^  347
24911  5328  ^  314
24912  5681  ^  353
24926  -922  ^  309
24927  -574  ^  348
25023  5949  ^  326
25024  6329  ^  380
25025  6659  ^  330
25039  -249  ^  350
25040  98  ^  347
25136  6893  ^  365
25137  7256  ^  363
25151  82  ^  332
25152  465  ^  383
25153  797  ^  332
25248  7416  ^  328
25249  7800  ^  384
25250  8137  ^  337
25264  812  ^  383
25265  1185  ^  373
25361  8325  ^  387
25362  8719  ^  394
25376  1129  ^  343
25377  1519  ^  390
25378  1858  ^  339
25473  8845  ^  360
25474  9259  ^  414
25475  9614  ^  355
25489  1833  ^  397
25490  2230  ^  397
25491  2535  ^  305
25586  9745  ^  395
25587  10144  ^  399
25601  2172  ^  390
25602  2618  ^  446
25603  2997  ^  379
25698  10190  ^  355
25699  10614  ^  424
25700  10998  ^  384
25714  2227  ^  426
25715  2664  ^  437
25716  2995  ^  331
25811  10523  ^  324
25812  10885  ^  362
25826  2589  ^  391
25827  3032  ^  443
25828  3409  ^  377
25923  10922  ^  377
25924  11369  ^  447
25925  11766  ^  397
25938  2907  ^  309
25939  3333  ^  426
25940  3751  ^  418
25941  4064  ^  313
26035  11389  ^  331
26036  11829  ^  440
26037  12273  ^  444
26038  12587  ^  314
26051  3618  ^  388
26052  4066  ^  448
26053  4457  ^  391
26148  12256  ^  395
26149  12709  ^  453
26150  13101  ^  392
26163  3922  ^  321
26164  4372  ^  450
26165  4816  ^  444
26166  5147  ^  331
26260  12664  ^  327
26261  13103  ^  439
26262  13553  ^  450
26263  13878  ^  325
26276  4668  ^  409
26277  5130  ^  462
26278  5524  ^  394
26373  13497  ^  407
26374  13972  ^  475
26375  14388  ^  416
26388  4949  ^  318
26389  5398  ^  449
26390  5839  ^  441
26391  6174  ^  335
26485  13899  ^  346
26486  14361  ^  462
26487  14819  ^  458
26488  15145  ^  326
26501  5645  ^  414
26502  6131  ^  486
26503  6564  ^  433
26598  14713  ^  401
26599  15176  ^  463
26600  15583  ^  407
26614  5812  ^  417
26615  6255  ^  443
26616  6608  ^  353
26711  15203  ^  347
26712  15565  ^  362
26726  6092  ^  426
26727  6588  ^  496
26728  7015  ^  427
26823  15310  ^  407
26824  15785  ^  475
26825  16206  ^  421
26838  6380  ^  345
26839  6859  ^  479
26840  7329  ^  470
26841  7675  ^  346
26935  15638  ^  351
26936  16112  ^  474
26937  16598  ^  486
26938  16947  ^  349
26951  7099  ^  424
26952  7586  ^  487
26953  8004  ^  418
27048  16436  ^  431
27049  16936  ^  500
27050  17368  ^  432
27063  7339  ^  338
27064  7821  ^  482
27065  8299  ^  478
27066  8660  ^  361
27160  16749  ^  357
27161  17224  ^  475
27162  17703  ^  479
27163  18045  ^  342
27176  8058  ^  440
27177  8562  ^  504
27178  8994  ^  432
27273  17493  ^  429
27274  17990  ^  497
27275  18431  ^  441
27288  8303  ^  350
27289  8789  ^  486
27290  9265  ^  476
27291  9615  ^  350
27385  17774  ^  365
27386  18265  ^  491
27387  18763  ^  498
27388  19116  ^  353
27401  8976  ^  425
27402  9470  ^  494
27403  9903  ^  433
27498  18532  ^  441
27499  19034  ^  502
27500  19465  ^  431
27514  9272  ^  393
27515  9682  ^  410
27516  9996  ^  314
27610  18746  ^  317
27611  19158  ^  412
27612  19555  ^  397
27626  9361  ^  435
27627  9864  ^  503
27628  10306  ^  442
27723  18983  ^  437
27724  19484  ^  501
27725  19914  ^  430
27738  9569  ^  358
27739  10071  ^  502
27740  10565  ^  494
27741  10935  ^  370
27835  19185  ^  358
27836  19670  ^  485
27837  20167  ^  497
27838  20523  ^  356
27851  10256  ^  450
27852  10767  ^  511
27853  11202  ^  435
27948  19870  ^  444
27949  20387  ^  517
27950  20840  ^  453
27963  10430  ^  350
27964  10924  ^  494
27965  11413  ^  489
27966  11778  ^  365
28060  20077  ^  373
28061  20574  ^  497
28062  21072  ^  498
28063  21425  ^  353
28076  11075  ^  448
28077  11591  ^  516
28078  12038  ^  447
28173  20735  ^  442
28174  21243  ^  508
28175  21687  ^  444
28188  11244  ^  362
28189  11750  ^  506
28190  12246  ^  496
28191  12613  ^  367
28285  20890  ^  365
28286  21384  ^  494
28287  21889  ^  505
28288  22252  ^  363
28301  11885  ^  443
28302  12390  ^  505
28303  12821  ^  431
28398  21532  ^  453
28399  22055  ^  523
28400  22509  ^  454
28414  12317  ^  409
28415  12712  ^  395
28510  21710  ^  378
28511  22189  ^  479
28512  22649  ^  460
28526  12158  ^  439
28527  12661  ^  503
28528  13094  ^  433
28622  21347  ^  303
28623  21809  ^  462
28624  22334  ^  525
28625  22783  ^  449
28638  12258  ^  352
28639  12759  ^  501
28640  13255  ^  496
28641  13631  ^  376
28735  21920  ^  367
28736  22408  ^  488
28737  22903  ^  495
28738  23253  ^  350
28751  12858  ^  454
28752  13379  ^  521
28753  13824  ^  445
28848  22477  ^  441
28849  22991  ^  514
28850  23442  ^  451
28863  12960  ^  358
28864  13459  ^  499
28865  13951  ^  492
28866  14312  ^  361
28960  22562  ^  372
28961  23059  ^  497
28962  23565  ^  506
28963  23922  ^  357
28976  13514  ^  442
28977  14026  ^  512
28978  14468  ^  442
29073  23114  ^  443
29074  23627  ^  513
29075  24071  ^  444
29088  13580  ^  356
29089  14084  ^  504
29090  14582  ^  498
29091  14957  ^  375
29185  23161  ^  363
29186  23648  ^  487
29187  24144  ^  496
29188  24497  ^  353
29201  14140  ^  454
29202  14656  ^  516
29203  15095  ^  439
29298  23659  ^  439
29299  24177  ^  518
29300  24632  ^  455
29313  14192  ^  337
29314  14647  ^  455
29315  15071  ^  424
29410  23706  ^  385
29411  24214  ^  508
29412  24718  ^  504
29413  25058  ^  340
29426  14269  ^  453
29427  14778  ^  509
29428  15208  ^  430
29523  23710  ^  449
29524  24239  ^  529
29525  24701  ^  462
29538  14272  ^  346
29539  14763  ^  491
29540  15245  ^  482
29541  15610  ^  365
29635  23741  ^  373
29636  24233  ^  492
29637  24725  ^  492
29638  25071  ^  346
29651  14750  ^  443
29652  15262  ^  512
29653  15704  ^  442
29748  24183  ^  431
29749  24685  ^  502
29750  25123  ^  438
29763  14753  ^  353
29764  15251  ^  498
29765  15739  ^  488
29766  16100  ^  361
29860  24138  ^  357
29861  24623  ^  485
29862  25119  ^  496
29863  25472  ^  353
29876  15217  ^  440
29877  15717  ^  500
29878  16147  ^  430
29973  24561  ^  437
29974  25069  ^  508
29975  25510  ^  441
29988  15172  ^  343
29989  15661  ^  489
29990  16145  ^  484
29991  16509  ^  364
30085  24501  ^  360
30086  24980  ^  479
30087  25466  ^  486
30088  25808  ^  342
30101  15602  ^  443
30102  16113  ^  511
30103  16550  ^  437
30198  24868  ^  424
30199  25365  ^  497
30200  25801  ^  436
30213  15578  ^  362
30214  16068  ^  490
30215  16533  ^  465
30216  16853  ^  320
30310  24760  ^  358
30311  25249  ^  489
30312  25753  ^  504
30313  26114  ^  361
30326  15537  ^  453
30327  16052  ^  515
30328  16487  ^  435
30423  24696  ^  400
30424  25189  ^  493
30425  25632  ^  443
30438  15467  ^  346
30439  15949  ^  482
30440  16420  ^  471
30441  16769  ^  349
30535  24595  ^  358
30536  25077  ^  482
30537  25566  ^  489
30538  25912  ^  346
30551  15822  ^  426
30552  16314  ^  492
30553  16740  ^  426
30648  24927  ^  426
30649  25417  ^  490
30650  25845  ^  428
30663  15708  ^  341
30664  16190  ^  482
30665  16667  ^  477
30666  17023  ^  356
30760  24765  ^  347
30761  25233  ^  468
30762  25706  ^  473
30763  26046  ^  340
30776  16055  ^  430
30777  16547  ^  492
30778  16967  ^  420
30873  25040  ^  419
30874  25530  ^  490
30875  25959  ^  429
30888  15914  ^  335
30889  16387  ^  473
30890  16848  ^  461
30891  17197  ^  349
30985  24863  ^  353
30986  25333  ^  470
30987  25806  ^  473
30988  26141  ^  335
31001  16206  ^  422
31002  16691  ^  485
31003  17115  ^  424
31098  25113  ^  414
31099  25593  ^  480
31100  26007  ^  414
31113  16043  ^  345
31114  16531  ^  488
31115  17009  ^  478
31116  17361  ^  352
31210  24879  ^  335
31211  25336  ^  457
31212  25807  ^  471
31213  26150  ^  343
31226  15917  ^  420
31227  16410  ^  493
31228  16839  ^  429
31323  24784  ^  347
31324  25216  ^  432
31325  25608  ^  392
31338  15755  ^  339
31339  16228  ^  473
31340  16689  ^  461
31341  17031  ^  342
31435  24485  ^  336
31436  24941  ^  456
31437  25410  ^  469
31438  25747  ^  337
31451  16001  ^  413
31452  16474  ^  473
31453  16881  ^  407
31548  24681  ^  413
31549  25158  ^  477
31550  25574  ^  416
31563  15771  ^  324
31564  16232  ^  461
31565  16686  ^  454
31566  17026  ^  340
31660  24413  ^  338
31661  24863  ^  450
31662  25321  ^  458
31663  25641  ^  320
31676  15982  ^  415
31677  16456  ^  474
31678  16866  ^  410
31773  24552  ^  401
31774  25020  ^  468
31775  25428  ^  408
31788  15738  ^  325
31789  16197  ^  459
31790  16645  ^  448
31791  16977  ^  332
31885  24249  ^  333
31886  24700  ^  451
31887  25160  ^  460
31888  25483  ^  323
31901  15909  ^  402
31902  16372  ^  463
31903  16769  ^  397
31998  24375  ^  402
31999  24841  ^  466
32000  25242  ^  401
32013  15616  ^  316
32014  16071  ^  455
32015  16528  ^  457
32016  16874  ^  346
32110  24045  ^  324
32111  24479  ^  434
32112  24919  ^  440
32113  25232  ^  313
32126  15428  ^  362
32127  15871  ^  443
32128  16264  ^  393
32223  23955  ^  325
32224  24345  ^  390
32225  24684  ^  339
32238  15124  ^  317
32239  15574  ^  450
32240  16021  ^  447
32241  16355  ^  334
32335  23432  ^  318
32336  23861  ^  429
32337  24300  ^  439
32338  24612  ^  312
32351  15257  ^  403
32352  15715  ^  458
32353  16102  ^  387
32448  23472  ^  389
32449  23929  ^  457
32450  24328  ^  399
32463  14925  ^  313
32464  15362  ^  437
32465  15793  ^  431
32466  16116  ^  323
32560  23099  ^  326
32561  23535  ^  436
32562  23974  ^  439
32563  24282  ^  308
32576  14999  ^  390
32577  15451  ^  452
32578  15842  ^  391
32673  23120  ^  384
32674  23563  ^  443
32675  23951  ^  388
32688  14647  ^  311
32689  15088  ^  441
32690  15521  ^  433
32691  15841  ^  320
32785  22704  ^  316
32786  23129  ^  425
32787  23563  ^  434
32788  23874  ^  311
32801  14709  ^  389
32802  15152  ^  443
32803  15530  ^  378
32898  22693  ^  382
32899  23141  ^  448
32900  23530  ^  389
32914  14742  ^  425
32915  15161  ^  419
32916  15480  ^  319
33010  22270  ^  317
33011  22692  ^  422
33012  23117  ^  425
33026  14114  ^  321
33027  14500  ^  386
33028  14839  ^  339
33123  22185  ^  338
33124  22569  ^  384
33125  22885  ^  316
33139  14039  ^  421
33140  14458  ^  419
33141  14775  ^  317
33235  21463  ^  313
33236  21875  ^  412
33237  22290  ^  415
33251  13616  ^  382
33252  14054  ^  438
33253  14431  ^  377
33348  21372  ^  366
33349  21801  ^  429
33350  22179  ^  378
33364  13615  ^  420
33365  14029  ^  414
33366  14334  ^  305
33460  20890  ^  306
33461  21305  ^  415
33462  21725  ^  420
33476  13154  ^  369
33477  13582  ^  428
33478  13950  ^  368
33573  20802  ^  371
33574  21228  ^  426
33575  21596  ^  368
33589  13116  ^  418
33590  13527  ^  411
33591  13834  ^  307
33685  20294  ^  302
33686  20696  ^  402
33687  21105  ^  409
33701  12644  ^  371
33702  13072  ^  428
33703  13435  ^  363
33798  20158  ^  362
33799  20580  ^  422
33800  20950  ^  370
33814  12582  ^  404
33815  12978  ^  396
33910  19633  ^  302
33911  20040  ^  407
33912  20453  ^  413
33926  11989  ^  313
33927  12347  ^  358
34023  19504  ^  353
34024  19903  ^  399
34025  20229  ^  326
34039  11699  ^  397
34040  12089  ^  390
34135  18646  ^  308
34136  19051  ^  405
34137  19457  ^  406
34151  11173  ^  359
34152  11585  ^  412
34153  11942  ^  357
34248  18471  ^  349
34249  18878  ^  407
34250  19230  ^  352
34264  11064  ^  400
34265  11461  ^  397
34361  18284  ^  388
34362  18681  ^  397
34376  10529  ^  356
34377  10935  ^  406
34378  11281  ^  346
34473  17695  ^  348
34474  18102  ^  407
34475  18457  ^  355
34489  10382  ^  393
34490  10766  ^  384
34586  17501  ^  386
34587  17890  ^  389
34601  9822  ^  352
34602  10228  ^  406
34603  10576  ^  348
34698  16884  ^  341
34699  17280  ^  396
34700  17625  ^  345
34714  9671  ^  393
34715  10052  ^  381
34811  16654  ^  382
34812  17043  ^  389
34826  9086  ^  325
34827  9449  ^  363
34923  16044  ^  348
34924  16449  ^  405
34925  16790  ^  341
34939  8645  ^  386
34940  9017  ^  372
35036  15509  ^  386
35037  15900  ^  391
35051  8042  ^  338
35052  8428  ^  386
35053  8762  ^  334
35148  14884  ^  337
35149  15272  ^  388
35150  15607  ^  335
35164  7832  ^  380
35165  8207  ^  375
35261  14612  ^  367
35262  14984  ^  372
35276  7231  ^  337
35277  7620  ^  389
35278  7951  ^  331
35373  13952  ^  328
35374  14335  ^  383
35375  14669  ^  334
35389  7006  ^  371
35390  7371  ^  365
35486  13672  ^  366
35487  14045  ^  373
35501  6380  ^  328
35502  6760  ^  380
35503  7089  ^  329
35598  13006  ^  325
35599  13383  ^  377
35600  13707  ^  324
35614  6141  ^  373
35615  6507  ^  366
35711  12694  ^  356
35712  13058  ^  364
35726  5531  ^  333
35727  5903  ^  372
35728  6207  ^  304
35823  12012  ^  324
35824  12393  ^  381
35825  12729  ^  336
35839  5001  ^  374
35840  5365  ^  364
35936  11433  ^  343
35937  11796  ^  363
35951  4363  ^  323
35952  4729  ^  366
35953  5044  ^  315
36048  10761  ^  318
36049  11135  ^  374
36050  11457  ^  322
36064  4078  ^  356
36065  4430  ^  352
36161  10441  ^  352
36162  10793  ^  352
36176  3428  ^  318
36177  3794  ^  366
36178  4109  ^  315
36273  9737  ^  310
36274  10096  ^  359
36275  10408  ^  312
36289  3145  ^  354
36290  3491  ^  346
36386  9391  ^  346
36387  9742  ^  351
36401  2484  ^  312
36402  2840  ^  356
36403  3146  ^  306
36498  8694  ^  310
36499  9048  ^  354
36500  9360  ^  312
36514  2174  ^  348
36515  2518  ^  344
36611  8336  ^  337
36612  8675  ^  339
36626  1518  ^  320
36627  1882  ^  364
36628  2192  ^  310
36724  7963  ^  350
36725  8275  ^  312
36739  951  ^  346
36740  1300  ^  349
36837  7358  ^  317
36851  304  ^  310
36852  656  ^  352
36949  6657  ^  350
36950  6961  ^  304
36964  -19  ^  335
36965  311  ^  330
37061  5947  ^  332
37062  6284  ^  337
37077  -352  ^  345
37174  5573  ^  343
37189  -1023  ^  335
37190  -693  ^  330
37286  4845  ^  320
37287  5178  ^  333
37302  -1354  ^  341
37399  4469  ^  340
37414  -2034  ^  326
37415  -1715  ^  319
37511  3754  ^  323
37512  4078  ^  324
37527  -2381  ^  338
37624  3361  ^  327
37639  -3275  ^  308
37640  -2965  ^  310
37752  -3609  ^  335
37849  2042  ^  325
37864  -4273  ^  323
37865  -3962  ^  311
37961  1329  ^  313
37962  1648  ^  319
37977  -4624  ^  325
38074  950  ^  324
38089  -5295  ^  313
38090  -4985  ^  310
38186  236  ^  304
38187  547  ^  311
38202  -5635  ^  323
38299  -152  ^  319
38314  -6295  ^  311
38315  -5994  ^  301
38411  -852  ^  305
38412  -541  ^  311
38427  -6654  ^  312
38524  -1230  ^  314
38652  -7850  ^  309
38749  -2504  ^  306
38764  -8491  ^  304
38877  -8824  ^  308
38974  -3569  ^  306
39102  -9795  ^  305
39199  -4608  ^  301
